[ '-98.297256,  27.549881,-6.998314,   0.033510,-0.760155,-0.448826,   0.469804,390',
 '-98.469864,  27.499582,-7.548530,   0.335103,-0.868042,-0.480261,   0.125919,390',
 '-95.537613,  28.602198,-7.492583,   0.536165,   0.964615,   0.208874,   0.160885,390',
 '-96.028809,  29.445553,-8.007417,   0.536165,   0.657616,   0.735970,-0.160886,390',
 '-98.429558,  27.684507,-8.383195,   0.234572,-0.842842,-0.364683,-0.395746,390',
 '-96.918900,  29.760742,-6.484012,   0.536165,   0.786942,   0.337965,   0.516243,391',
 '-97.370796,  30.571695,-7.024798,   0.502655,   0.504501,   0.844810,   0.178251,391',
 '-98.564148,  27.667625,-7.277917,   0.100531,-0.241341,-0.970232,   0.020052,391',
 '-98.690872,  28.189962,-8.421751,   0.268083,-0.320541,-0.643772,-0.694845,391',
 '-98.487656,  30.869532,-7.158730,   0.088357,-0.032433,   0.496355,   0.867514,392',
 '-98.837273,  30.755936,-7.158730,   0.088357,-0.265511,   0.420622,   0.867514,392',
 '-98.125137,  31.090981,-7.356202,   0.471239,   0.209244,   0.643988,   0.735865,392',
 '-99.096001,  31.228956,-7.685637,   0.471239,-0.437996,   0.735970,   0.516243,392',
 '-98.678925,  29.689747,-9.875272,   0.353429,-0.159943,-0.290169,-0.943514,392',
 ' 105.056824,  22.161240,-4.959662,   0.134041,-0.127609,   0.180773,   0.975210,677',
 ' 104.997017,  20.798349,-7.676541,   0.435634,-0.164986,-0.671032,-0.722838,677',
 ' 105.147392,  21.198847,-7.967052,   0.301593,-0.071007,-0.420721,-0.904407,677',
 ' 104.004700,  22.479742,-4.564431,   0.536165,   0.109810,   0.337965,   0.934731,678',
 ' 104.836807,  21.938999,-4.817291,   0.402124,   0.629883,   0.000000,   0.776693,678',
 ' 104.185440,  22.921425,-4.848475,   0.435634,   0.222771,   0.614017,   0.757203,678',
 ' 104.705086,  22.809395,-5.042704,   0.201062,   0.547546,   0.543999,   0.635810,678',
 ' 104.868576,  22.507792,-4.984940,   0.134041,   0.649742,   0.355494,   0.671913,678',
 ' 102.264297,  22.098585,-5.766366,   0.033510,-0.977943,   0.099741,   0.183521,678',
 ' 102.247871,  22.023991,-6.289761,   0.134041,-0.988213,   0.053120,-0.143600,678',
 ' 102.508957,  21.532597,-6.867658,   0.268083,-0.825027,-0.254004,-0.504786,678',
 ' 102.573669,  21.908394,-7.051567,   0.167552,-0.784584,-0.019127,-0.619730,678',
 ' 103.694115,  23.156672,-4.811118,   0.282220,   0.326515,   0.076906,   0.942059,679',
 ' 103.390732,  23.522150,-4.821377,   0.410501,   0.109818,   0.337965,   0.934731,679',
 ' 102.834511,  23.341423,-4.821377,   0.410501,-0.287483,   0.208874,   0.934731,679',
 ' 104.069237,  23.308504,-5.034538,   0.102625,   0.594460,   0.185360,   0.782473,679',
 ' 103.529938,  23.950583,-5.099789,   0.410501,   0.209244,   0.643986,   0.735865,679',
 ' 104.093948,  23.549114,-5.142311,   0.051313,   0.612099,   0.357225,   0.705492,679',
 ' 102.182121,  22.151628,-5.925186,   0.179594,-0.753487,-0.640982,   0.146296,679',
 ' 102.211433,  22.131283,-6.386930,   0.025656,-0.732544,-0.655514,-0.183521,679',
 ' 101.886536,  22.756577,-6.355240,   0.410501,-0.964622,-0.208874,-0.160886,679',
 ' 102.118752,  22.579380,-6.829273,   0.384845,-0.798744,-0.335443,-0.499481,679',
 ' 104.107445,  19.975418,-4.897260,   0.410501,   0.564598,-0.643986,   0.516243,680',
 ' 101.966537,  21.169424,-5.845240,   0.410501,-0.964622,   0.208874,-0.160886,680',
 ' 104.237671,  19.846642,-5.845240,   0.410501,   0.657616,-0.735970,-0.160886,680',
 ' 104.552658,  20.252743,-5.828467,   0.333532,   0.882607,-0.445898,-0.148906,680',
 ' 102.187477,  21.336313,-6.307904,   0.359189,-0.806801,   0.328079,-0.491360,680',
 '-91.152382,  31.738882,-12.323325,   0.033510,   0.336014,-0.358824,-0.870828,1768',
 '-86.475853,  31.410627,-11.482083,   0.100531,   0.241341,-0.970232,-0.020052,1777',
 '-86.067223,  31.598425,-11.192583,   0.536165,   0.496735,-0.852861,   0.160886,1777',
 '-85.809807,  31.785448,-11.707417,   0.536165,   0.657616,-0.735970,-0.160886,1777',
 '-87.656776,  34.327579,-11.707417,   0.536165,-0.496727,   0.852859,-0.160886,1777',
 '-91.569191,  31.925577,-6.234012,   0.536165,-0.078247,   0.852861,   0.516243,1788',
 '-89.990494,  23.415190,-6.402616,   0.536165,-0.547806,-0.398005,   0.735865,1793',
 '-89.822830,  22.896208,-6.730469,   0.502655,-0.443024,-0.722368,   0.530957,1793',
 '-88.483269,  24.324820,-9.024905,   0.134041,   0.394203,   0.170511,-0.903066,1793',
 '-92.830070,  21.075642,-4.654120,   0.469145,   0.119339,   0.367275,   0.922425,1828',
 '-92.073807,  21.740314,-5.822541,   0.268083,   0.591995,   0.782698,   0.192163,1828',
 '-92.697632,  21.973440,-5.129996,   0.368614,   0.677734,   0.077150,   0.731252,1829',
 '-93.316917,  22.728231,-5.046042,   0.234572,   0.290680,   0.548893,   0.783724,1829',
 '-92.804955,  22.792067,-5.452709,   0.368614,   0.610649,   0.588791,   0.529557,1829',
 '-92.522896,  22.390743,-5.474012,   0.536165,   0.786942,   0.337965,   0.516243,1829',
 '-92.238609,  22.184198,-6.042583,   0.536165,   0.964615,   0.208874,   0.160885,1829',
 '-95.724930,  22.485371,-4.796058,   0.469145,-0.294327,   0.172731,   0.939964,1830',
 '-95.713982,  21.874802,-4.804431,   0.536165,-0.287491,-0.208874,   0.934731,1830',
 '-96.209869,  22.638851,-5.091059,   0.234572,-0.597420,   0.268658,   0.755588,1830',
 '-96.590477,  21.906387,-5.474012,   0.536165,-0.835297,-0.189133,   0.516243,1830',
 '-94.377571,  22.845764,-7.477456,   0.033510,   0.547775,   0.397976,-0.735909,1830',
 '-96.149780,  23.046556,-4.963871,   0.469145,-0.533607,-0.429026,   0.728830,1831',
 '-95.285027,  25.054434,-7.032049,   0.335103,   0.006859,   0.825895,-0.563780,1831',
 '-95.624023,  24.742559,-7.327158,   0.502655,-0.205017,   0.630976,-0.748224,1831',
 '-94.437340,  23.648785,-7.477449,   0.033510,   0.536659,-0.052635,-0.842155,1831',
 '-97.114929,  23.778791,-4.899789,   0.410501,-0.547813,-0.398005,   0.735866,1832',
 '-96.961197,  23.305641,-5.207260,   0.410501,-0.437996,-0.735970,   0.516243,1832',
 '-96.487206,  25.710733,-6.155240,   0.410501,-0.099434,   0.981951,-0.160886,1832',
 '-96.238457,  25.530006,-6.652740,   0.410501,   0.078247,   0.852859,-0.516243,1832',
 '-95.842072,  25.077087,-7.004629,   0.076969,   0.361374,   0.529346,-0.767592,1832',
 '-92.655952,  24.081938,-5.914108,   0.412334,   0.964035,-0.198042,   0.177261,1833',
 '-94.847099,  25.658291,-6.421329,   0.471239,-0.496735,   0.852859,-0.160885,1833',
 '-92.856049,  20.571081,-4.360627,   0.335103,   0.526840,   0.637550,   0.562108,1834',
 '-93.771378,  18.096352,-5.922385,   0.033510,-0.045242,-0.909157,-0.413991,1834',
 '-92.487503,  18.943001,-3.181377,   0.410501,   0.355362,   0.000000,   0.934731,1835',
 '-92.831268,  19.416151,-3.181377,   0.410501,   0.109818,   0.337965,   0.934731,1835',
 '-92.831268,  18.469851,-3.181377,   0.410501,   0.109818,-0.337965,   0.934731,1835',
 '-92.037018,  18.943001,-3.459789,   0.410501,   0.677124,   0.000000,   0.735865,1835',
 '-93.678619,  18.480387,-3.365331,   0.205251,-0.495445,-0.330437,   0.803335,1835',
 '-92.034149,  19.469324,-5.372529,   0.025656,   0.679184,   0.375946,-0.630378,1835',
 '-98.047493,  17.561190,-4.342616,   0.536165,-0.547806,-0.398005,   0.735865,1838',
 '-97.325188,  19.557907,-4.691219,   0.502655,-0.096367,   0.849943,   0.517988,1838',
 '-97.879829,  17.042208,-4.670469,   0.502655,-0.443024,-0.722368,   0.530957,1838',
 '-97.330093,  19.769123,-5.777417,   0.536165,-0.099426,   0.981951,-0.160885,1838',
 '-97.045807,  19.562576,-6.345988,   0.536165,   0.078247,   0.852861,-0.516243,1838',
 '-97.754982,  16.111198,-4.714431,   0.536165,-0.287491,   0.208874,   0.934731,1840',
 '-98.171494,  16.413811,-5.032616,   0.536165,-0.547806,   0.398005,   0.735865,1840',
 '-95.972427,  15.928948,-7.097531,   0.167552,   0.826614,   0.094968,-0.554707,1840',
 '-95.907906,  15.562231,-6.978010,   0.201062,   0.866936,-0.134230,-0.480006,1840',
 '-94.565086,  18.100496,-3.376964,   0.201062,   0.470573,   0.620935,   0.626898,1845',
 '-94.293274,  17.634312,-3.270104,   0.100531,   0.640457,   0.329571,   0.693685,1845',
 '-94.728554,  17.568583,-2.527261,   0.410501,   0.564598,   0.643988,   0.516243,1846',
 '-94.350708,  17.424728,-3.105270,   0.025656,   0.834496,   0.541235,   0.103379,1846',
 '-94.437332,  17.543959,-3.105270,   0.025656,   0.772614,   0.626398,   0.103379,1846',
 '-96.869461,  16.374577,-3.475240,   0.410501,-0.964622,-0.208874,-0.160886,1846',
 '-92.105621,  17.230268,-2.369714,   0.167552,-0.596008,   0.752043,   0.281429,1856',
 '-90.283524,  14.695874,-2.636001,   0.335103,   0.542793,-0.831954,   0.114999,1856',
 '-90.960800,  18.403553,-1.884012,   0.536165,-0.437996,   0.735970,   0.516242,1857',
 '-91.312195,  18.403553,-2.452583,   0.536165,-0.657616,   0.735970,   0.160886,1857',
 '-91.691986,  17.892979,-2.455923,   0.502655,-0.894989,   0.416862,   0.158798,1857',
 '-92.757103,  17.449291,-0.731328,   0.471239,-0.496735,   0.852859,-0.160886,1862',
 '-92.399101,  14.723664,-0.580929,   0.029452,-0.258064,-0.964224,-0.060619,1862',
 '-91.894630,  17.449291,-1.264364,   0.471239,   0.078247,   0.852859,-0.516242,1862',
 '-92.858902,  17.135981,-1.264364,   0.471239,-0.564598,   0.643988,-0.516242,1862',
 '-92.325867,  17.135981,-1.593798,   0.471239,-0.209244,   0.643988,-0.735865,1862',
 '-93.253189,  18.035553,   2.177417,   0.536165,-0.657616,   0.735970,   0.160886,1864',
 '-93.744385,  17.192198,   1.662583,   0.536165,-0.964615,   0.208874,-0.160886,1864',
 '-90.636292,  16.698414,   1.626366,   0.033510,   0.977943,-0.099741,-0.183521,1864',
 '-92.139015,  14.468000,   3.360211,   0.410501,   0.677124,   0.000000,   0.735865,1867',
 '-92.346550,  15.128460,   3.317689,   0.051313,   0.528893,   0.471757,   0.705492,1867',
 '-94.437462,  14.175577,   2.104760,   0.410501,-0.964622,-0.208873,-0.160886,1867',
 '-88.583878,  36.606956,-11.459938,   0.230907,-0.704201,   0.706394,   0.071473,601',
 '-88.304306,  36.800735,-11.809552,   0.384845,-0.504501,   0.844810,-0.178251,601',
 '-87.737206,  34.243267,-11.785240,   0.410501,-0.099434,-0.981953,-0.160886,601',
 '-87.488457,  36.812004,-12.282740,   0.410501,   0.078247,   0.852863,-0.516243,601',
 '-88.388443,  36.519581,-12.282740,   0.410501,-0.564598,   0.643990,-0.516243,601',
 '-91.257439,  34.184620,-4.246959,   0.368614,   0.275978,   0.656635,   0.701901,633',
 '-91.539902,  34.705120,-5.112583,   0.536165,   0.099426,   0.981953,   0.160885,633',
 '-91.573807,  31.769421,-6.195988,   0.536165,   0.078247,-0.852859,-0.516243,633',
 ' 105.398819,  23.711494,-2.543210,   0.435634,   0.676140,-0.043442,   0.735494,1318',
 ' 103.444611,  23.344427,-4.988201,   0.033510,-0.545250,-0.272858,-0.792625,1318',
 ' 103.916595,  22.773607,-4.896790,   0.435634,-0.250252,-0.629622,-0.735494,1318',
 ' 103.748428,  23.781000,-5.215569,   0.536165,-0.355354,   0.000000,-0.934731,1318',
 ' 104.141304,  23.240257,-5.215569,   0.536165,-0.109810,-0.337965,-0.934731,1318',
 ' 103.303978,  23.825001,-2.341958,   0.102625,   0.176414,   0.000000,   0.984316,1319',
 ' 102.654510,  23.532578,-2.411377,   0.410501,-0.287483,-0.208874,   0.934731,1319',
 ' 102.903267,  23.351851,-5.028623,   0.410501,-0.109818,-0.337965,-0.934731,1319',
 ' 103.304306,  23.482563,-5.054758,   0.205251,   0.176643,-0.244598,-0.953398,1319',
 ' 104.154762,  22.455496,-4.805462,   0.102625,-0.594460,-0.185360,-0.782473,1320',
 ' 104.694061,  21.813417,-4.740211,   0.410501,-0.209244,-0.643988,-0.735865,1320',
 ' 104.531448,  22.627569,-5.030920,   0.307876,-0.325394,-0.062452,-0.943515,1320',
 ' 104.833267,  22.241850,-5.018623,   0.410501,-0.109818,-0.337965,-0.934731,1320',
 '-99.661415,  32.321678,-5.466278,   0.153938,-0.581726,   0.249771,   0.774087,1383',
 '-98.233803,  30.941641,-7.272740,   0.410501,   0.437996,-0.735970,-0.516243,1383',
 '-98.737457,  30.777996,-7.272740,   0.410501,   0.078247,-0.852861,-0.516243,1383',
 '-99.139938,  31.070417,-7.580212,   0.410501,-0.209244,-0.643988,-0.735865,1383',
 '-95.209175,  32.344467,-5.925767,   0.033510,   0.662392,   0.727791,   0.177646,1385',
 '-97.076202,  29.828304,-6.495202,   0.502655,-0.504501,-0.844810,-0.178251,1385',
 '-97.528099,  30.639257,-7.035988,   0.536165,-0.786942,-0.337965,-0.516243,1385',
 '-95.656319,  28.656620,-7.321518,   0.435634,-0.647690,-0.752737,   0.117801,1388',
 '-93.475197,  30.948961,-7.766448,   0.368614,   0.715500,   0.679976,-0.160280,1388',
 '-96.163391,  29.526802,-7.767417,   0.536165,-0.964615,-0.208874,-0.160885,1388',
 '-96.573257,  29.692715,-3.613842,   0.058905,-0.289505,   0.382475,   0.877439,1391',
 '-94.962402,  25.954653,-4.868152,   0.179594,-0.420280,-0.813820,   0.401320,1397',
 '-95.638428,  26.536791,-5.204760,   0.410501,-0.903168,-0.398005,   0.160886,1397',
 '-94.462524,  28.452942,-5.754712,   0.282220,-0.063225,   0.970675,-0.231937,1397',
 '-90.125061,  24.309479,-4.412998,   0.412334,   0.972626,-0.176348,   0.151335,1406',
 '-90.267822,  23.570921,-4.686896,   0.067021,   0.964485,   0.234951,   0.120690,1407',
 '-92.627846,  21.853992,-5.187327,   0.469145,-0.510536,-0.838131,-0.192079,1407',
 '-93.354385,  22.860802,-5.137417,   0.536165,-0.964615,-0.208874,-0.160885,1407',
 '-92.714355,  22.164619,-5.705988,   0.536165,-0.564606,-0.643986,-0.516242,1407',
 '-92.781929,  24.118019,-5.754828,   0.335103,-0.606834,   0.576887,-0.546767,1407',
 '-93.070099,  22.654257,-5.705988,   0.536165,-0.786942,-0.337965,-0.516243,1407',
 '-92.437828,  22.383371,-6.108148,   0.100531,-0.391762,-0.507267,-0.767592,1407',
 '-92.178543,  21.692322,-5.707580,   0.201062,-0.860970,-0.506050,   0.051512,1408',
 '-91.853195,  21.324448,-5.532583,   0.536165,-0.657616,-0.735970,   0.160885,1408',
 '-92.297073,  22.063538,-6.149882,   0.335103,-0.935051,-0.274038,-0.224926,1408',
 '-90.100204,  23.679554,-6.615988,   0.536165,   0.437996,   0.735970,-0.516243,1408',
 '-89.924507,  23.138811,-6.967384,   0.536165,   0.547806,   0.398005,-0.735865,1408',
 '-92.859940,  20.641417,-4.460211,   0.410501,-0.209244,-0.643988,-0.735865,1410',
 '-92.720734,  21.069849,-4.738623,   0.410501,-0.109818,-0.337965,-0.934731,1410',
 '-95.657013,  22.599197,-5.055569,   0.536165,   0.287491,   0.208874,-0.934731,1431',
 '-96.067078,  22.919106,-5.019333,   0.201062,   0.031197,   0.408817,-0.912083,1431',
 '-95.657013,  21.930801,-5.055569,   0.536165,   0.287491,-0.208874,-0.934731,1431',
 '-97.856804,  22.372297,-2.726244,   0.368614,-0.269257,   0.143312,   0.952347,1432',
 '-97.885986,  21.808802,-2.754431,   0.536165,-0.287491,-0.208874,   0.934731,1432',
 '-97.548431,  21.402254,-2.837092,   0.100531,-0.076523,-0.462965,   0.883067,1432',
 '-97.256607,  20.994413,-3.149066,   0.234572,   0.105881,-0.717865,   0.688084,1432',
 '-97.464493,  20.874601,-3.275484,   0.268083,-0.024063,-0.792749,   0.609073,1432',
 '-96.717171,  23.298792,-5.099531,   0.502655,   0.443024,   0.722368,-0.530957,1432',
 '-96.463608,  21.983414,-5.518200,   0.033510,   0.601494,-0.099741,-0.792625,1432',
 '-96.567345,  22.058784,-5.597449,   0.033510,   0.536659,-0.052635,-0.842156,1432',
 '-97.558907,  19.454876,-4.732583,   0.536165,   0.099426,-0.981951,   0.160885,1433',
 '-96.572159,  21.960814,-5.600869,   0.033510,   0.716156,   0.584259,-0.381793,1433',
 '-97.563812,  19.666092,-5.818780,   0.502655,   0.096367,-0.849943,-0.517988,1433',
 '-98.805984,  22.833801,-2.704431,   0.536165,-0.287491,-0.208874,   0.934731,1434',
 '-99.222496,  22.531189,-3.022615,   0.536165,-0.547806,-0.398005,   0.735865,1434',
 '-99.054832,  22.012207,-3.350469,   0.502655,-0.443024,-0.722368,   0.530957,1434',
 '-97.073357,  23.657019,-5.037397,   0.234572,   0.795403,   0.305637,-0.523373,1434',
 ' 102.119713,  21.322849,-5.587260,   0.410501,   0.786942,-0.337965,   0.516243,1438',
 ' 100.097328,  22.826359,-6.084760,   0.410501,-0.657616,   0.735970,   0.160886,1438',
 ' 102.368462,  21.503576,-6.084760,   0.410501,   0.964622,-0.208874,   0.160886,1438',
 ' 102.368462,  22.088423,-6.084760,   0.410501,   0.964622,   0.208874,   0.160886,1438',
 ' 100.097328,  20.765640,-6.084760,   0.410501,-0.657616,-0.735970,   0.160886,1438',
 ' 102.282425,  22.353209,-6.535240,   0.410501,   0.903168,   0.398005,-0.160886,1438',
 ' 100.322571,  20.601994,-6.535240,   0.410501,-0.496735,-0.852859,-0.160886,1438',
 ' 101.938667,  22.826359,-6.535240,   0.410501,   0.657616,   0.735970,-0.160886,1438',
 ' 100.227554,  20.894417,-7.032740,   0.410501,-0.564598,-0.643986,-0.516243,1438',
 ' 100.227554,  22.697582,-7.032740,   0.410501,-0.564598,   0.643986,-0.516243,1438',
 '  99.916283,  21.322849,-7.032740,   0.410501,-0.786942,-0.337965,-0.516243,1438',
 ' 100.070015,  21.796000,-7.340211,   0.410501,-0.677124,   0.000000,-0.735866,1438',
 '-95.081360,  17.422619,-2.695988,   0.536165,-0.564606,-0.643986,-0.516243,1442',
 '-93.399261,  18.956652,-3.173802,   0.201062,   0.486710,   0.314783,-0.814876,1442',
 '-94.512794,  17.422619,-3.047384,   0.536165,-0.209244,-0.643986,-0.735865,1442',
 '-94.353699,  17.912256,-3.365569,   0.536165,-0.109810,-0.337965,-0.934731,1442',
 '-92.356209,  17.450621,-0.412616,   0.536165,   0.209244,-0.643986,   0.735865,1443',
 '-92.816193,  17.116425,-0.764012,   0.536165,-0.078247,-0.852861,   0.516242,1443',
 '-91.787643,  17.450621,-0.764012,   0.536165,   0.564606,-0.643986,   0.516242,1443',
 '-91.896225,  17.116425,-1.332583,   0.536165,   0.496735,-0.852861,   0.160886,1443',
 '-91.990204,  17.303448,-2.415988,   0.536165,   0.437996,-0.735970,-0.516243,1443',
 '-91.396004,  17.934450,-2.354373,   0.167552,   0.809372,-0.341595,-0.477733,1443',
 '-92.973267,  18.481001,-3.164906,   0.134041,-0.176414,   0.000000,-0.984316,1443',
 '-90.666695,  19.507183,-1.632275,   0.025656,   0.878799,   0.083704,   0.469804,1444',
 '-91.029266,  18.306793,-2.106431,   0.153938,   0.619812,-0.773718,   0.131121,1444',
 '-90.976334,  18.359640,-2.515240,   0.410501,   0.657616,-0.735970,-0.160886,1444',
 '-92.612892,  18.679825,-3.261159,   0.076969,-0.511353,-0.507267,-0.693685,1444',
 '-91.283806,  18.359640,-3.012739,   0.410501,   0.437996,-0.735970,-0.516243,1444',
 '-92.839401,  18.950249,-3.227287,   0.102625,-0.673141,-0.314108,-0.669491,1444',
 '-92.781891,  19.288475,-3.370123,   0.230907,-0.632065,-0.072517,-0.771516,1444',
 '-92.050735,  18.916849,-3.598623,   0.410501,-0.109818,-0.337965,-0.934731,1444',
 '-95.494301,  16.240665,   0.736294,   0.076969,-0.210220,-0.419524,   0.883067,1446',
 '-95.021324,  16.278091,   0.775020,   0.307876,   0.127632,-0.392791,   0.910729,1446',
 '-94.305580,  16.696609,   0.568996,   0.230907,   0.638870,-0.093849,   0.763569,1446',
 '-93.122612,  18.068802,   1.967417,   0.536165,   0.964615,-0.208874,   0.160886,1448',
 '-93.613808,  17.225447,   1.452583,   0.536165,   0.657616,-0.735970,-0.160886,1448',
 '-99.648087,  15.176689,-2.305643,   0.301593,-0.889435,-0.451445,   0.071473,1466',
 '-99.267967,  14.708183,-2.187267,   0.502655,-0.651863,-0.744261,   0.145458,1466',
 '-99.812843,  16.094942,-2.438567,   0.100531,-0.992409,   0.122463,-0.011605,1466',
 '-99.756752,  15.484145,-2.624025,   0.368614,-0.957344,-0.259284,-0.127516,1466',
 '-98.016335,  17.704391,-4.556986,   0.268083,   0.482300,   0.651495,-0.585617,1467',
 '-97.911507,  17.298811,-4.797384,   0.536165,   0.547806,   0.398005,-0.735865,1467',
 '-97.911507,  16.025190,-4.797384,   0.536165,   0.547806,-0.398005,-0.735865,1467',
 '-98.328018,  16.327803,-5.115569,   0.536165,   0.287491,-0.208874,-0.934731,1467',
 '-94.269897,  14.057743,   1.945988,   0.536165,   0.786942,   0.337965,   0.516243,1474']